{
 "cells": [
  {
   "cell_type": "markdown",
   "metadata": {},
   "source": [
    "# Basic Python Pandas Tutorial\n"
   ]
  },
  {
   "cell_type": "markdown",
   "metadata": {},
   "source": [
    "Importing Modules"
   ]
  },
  {
   "cell_type": "code",
   "execution_count": 1,
   "metadata": {},
   "outputs": [],
   "source": [
    "import pandas as pd\n",
    "from matplotlib import pyplot as plt"
   ]
  },
  {
   "cell_type": "markdown",
   "metadata": {},
   "source": [
    "Access Data Set to Determine Features and Indices"
   ]
  },
  {
   "cell_type": "code",
   "execution_count": 2,
   "metadata": {},
   "outputs": [
    {
     "data": {
      "text/html": [
       "<div>\n",
       "<style scoped>\n",
       "    .dataframe tbody tr th:only-of-type {\n",
       "        vertical-align: middle;\n",
       "    }\n",
       "\n",
       "    .dataframe tbody tr th {\n",
       "        vertical-align: top;\n",
       "    }\n",
       "\n",
       "    .dataframe thead th {\n",
       "        text-align: right;\n",
       "    }\n",
       "</style>\n",
       "<table border=\"1\" class=\"dataframe\">\n",
       "  <thead>\n",
       "    <tr style=\"text-align: right;\">\n",
       "      <th></th>\n",
       "      <th>Date</th>\n",
       "      <th>HomeTeam</th>\n",
       "      <th>AwayTeam</th>\n",
       "      <th>FTHG</th>\n",
       "      <th>FTAG</th>\n",
       "      <th>FTR</th>\n",
       "      <th>HTHG</th>\n",
       "      <th>HTAG</th>\n",
       "      <th>HTR</th>\n",
       "      <th>Referee</th>\n",
       "      <th>...</th>\n",
       "      <th>HST</th>\n",
       "      <th>AST</th>\n",
       "      <th>HF</th>\n",
       "      <th>AF</th>\n",
       "      <th>HC</th>\n",
       "      <th>AC</th>\n",
       "      <th>HY</th>\n",
       "      <th>AY</th>\n",
       "      <th>HR</th>\n",
       "      <th>AR</th>\n",
       "    </tr>\n",
       "  </thead>\n",
       "  <tbody>\n",
       "    <tr>\n",
       "      <th>0</th>\n",
       "      <td>2018-08-10</td>\n",
       "      <td>Man United</td>\n",
       "      <td>Leicester</td>\n",
       "      <td>2</td>\n",
       "      <td>1</td>\n",
       "      <td>H</td>\n",
       "      <td>1</td>\n",
       "      <td>0</td>\n",
       "      <td>H</td>\n",
       "      <td>A Marriner</td>\n",
       "      <td>...</td>\n",
       "      <td>6</td>\n",
       "      <td>4</td>\n",
       "      <td>11</td>\n",
       "      <td>8</td>\n",
       "      <td>2</td>\n",
       "      <td>5</td>\n",
       "      <td>2</td>\n",
       "      <td>1</td>\n",
       "      <td>0</td>\n",
       "      <td>0</td>\n",
       "    </tr>\n",
       "    <tr>\n",
       "      <th>1</th>\n",
       "      <td>2018-08-11</td>\n",
       "      <td>Bournemouth</td>\n",
       "      <td>Cardiff</td>\n",
       "      <td>2</td>\n",
       "      <td>0</td>\n",
       "      <td>H</td>\n",
       "      <td>1</td>\n",
       "      <td>0</td>\n",
       "      <td>H</td>\n",
       "      <td>K Friend</td>\n",
       "      <td>...</td>\n",
       "      <td>4</td>\n",
       "      <td>1</td>\n",
       "      <td>11</td>\n",
       "      <td>9</td>\n",
       "      <td>7</td>\n",
       "      <td>4</td>\n",
       "      <td>1</td>\n",
       "      <td>1</td>\n",
       "      <td>0</td>\n",
       "      <td>0</td>\n",
       "    </tr>\n",
       "    <tr>\n",
       "      <th>2</th>\n",
       "      <td>2018-08-11</td>\n",
       "      <td>Fulham</td>\n",
       "      <td>Crystal Palace</td>\n",
       "      <td>0</td>\n",
       "      <td>2</td>\n",
       "      <td>A</td>\n",
       "      <td>0</td>\n",
       "      <td>1</td>\n",
       "      <td>A</td>\n",
       "      <td>M Dean</td>\n",
       "      <td>...</td>\n",
       "      <td>6</td>\n",
       "      <td>9</td>\n",
       "      <td>9</td>\n",
       "      <td>11</td>\n",
       "      <td>5</td>\n",
       "      <td>5</td>\n",
       "      <td>1</td>\n",
       "      <td>2</td>\n",
       "      <td>0</td>\n",
       "      <td>0</td>\n",
       "    </tr>\n",
       "    <tr>\n",
       "      <th>3</th>\n",
       "      <td>2018-08-11</td>\n",
       "      <td>Huddersfield</td>\n",
       "      <td>Chelsea</td>\n",
       "      <td>0</td>\n",
       "      <td>3</td>\n",
       "      <td>A</td>\n",
       "      <td>0</td>\n",
       "      <td>2</td>\n",
       "      <td>A</td>\n",
       "      <td>C Kavanagh</td>\n",
       "      <td>...</td>\n",
       "      <td>1</td>\n",
       "      <td>4</td>\n",
       "      <td>9</td>\n",
       "      <td>8</td>\n",
       "      <td>2</td>\n",
       "      <td>5</td>\n",
       "      <td>2</td>\n",
       "      <td>1</td>\n",
       "      <td>0</td>\n",
       "      <td>0</td>\n",
       "    </tr>\n",
       "    <tr>\n",
       "      <th>4</th>\n",
       "      <td>2018-08-11</td>\n",
       "      <td>Newcastle</td>\n",
       "      <td>Tottenham</td>\n",
       "      <td>1</td>\n",
       "      <td>2</td>\n",
       "      <td>A</td>\n",
       "      <td>1</td>\n",
       "      <td>2</td>\n",
       "      <td>A</td>\n",
       "      <td>M Atkinson</td>\n",
       "      <td>...</td>\n",
       "      <td>2</td>\n",
       "      <td>5</td>\n",
       "      <td>11</td>\n",
       "      <td>12</td>\n",
       "      <td>3</td>\n",
       "      <td>5</td>\n",
       "      <td>2</td>\n",
       "      <td>2</td>\n",
       "      <td>0</td>\n",
       "      <td>0</td>\n",
       "    </tr>\n",
       "  </tbody>\n",
       "</table>\n",
       "<p>5 rows × 22 columns</p>\n",
       "</div>"
      ],
      "text/plain": [
       "         Date      HomeTeam        AwayTeam  FTHG  FTAG FTR  HTHG  HTAG HTR  \\\n",
       "0  2018-08-10    Man United       Leicester     2     1   H     1     0   H   \n",
       "1  2018-08-11   Bournemouth         Cardiff     2     0   H     1     0   H   \n",
       "2  2018-08-11        Fulham  Crystal Palace     0     2   A     0     1   A   \n",
       "3  2018-08-11  Huddersfield         Chelsea     0     3   A     0     2   A   \n",
       "4  2018-08-11     Newcastle       Tottenham     1     2   A     1     2   A   \n",
       "\n",
       "      Referee ...  HST  AST  HF  AF  HC  AC  HY  AY  HR  AR  \n",
       "0  A Marriner ...    6    4  11   8   2   5   2   1   0   0  \n",
       "1    K Friend ...    4    1  11   9   7   4   1   1   0   0  \n",
       "2      M Dean ...    6    9   9  11   5   5   1   2   0   0  \n",
       "3  C Kavanagh ...    1    4   9   8   2   5   2   1   0   0  \n",
       "4  M Atkinson ...    2    5  11  12   3   5   2   2   0   0  \n",
       "\n",
       "[5 rows x 22 columns]"
      ]
     },
     "execution_count": 2,
     "metadata": {},
     "output_type": "execute_result"
    }
   ],
   "source": [
    "data = pd.read_csv(\"C:/Users/ronoy/OneDrive/Documents/forefront/season-1819_csv.csv\")\n",
    "data.head()"
   ]
  },
  {
   "cell_type": "markdown",
   "metadata": {},
   "source": [
    "Looking at the data, we can immediately notice all the features and a sample of the data available. For this example we specifically want to focus on matches played by Liverpool. This process is known as **filtering** and can be accomplished using a simple conditional"
   ]
  },
  {
   "cell_type": "code",
   "execution_count": 12,
   "metadata": {},
   "outputs": [],
   "source": [
    "liverpool = data[(data.AwayTeam == 'Liverpool') | (data.HomeTeam == 'Liverpool')]"
   ]
  },
  {
   "cell_type": "code",
   "execution_count": 13,
   "metadata": {},
   "outputs": [
    {
     "data": {
      "text/html": [
       "<div>\n",
       "<style scoped>\n",
       "    .dataframe tbody tr th:only-of-type {\n",
       "        vertical-align: middle;\n",
       "    }\n",
       "\n",
       "    .dataframe tbody tr th {\n",
       "        vertical-align: top;\n",
       "    }\n",
       "\n",
       "    .dataframe thead th {\n",
       "        text-align: right;\n",
       "    }\n",
       "</style>\n",
       "<table border=\"1\" class=\"dataframe\">\n",
       "  <thead>\n",
       "    <tr style=\"text-align: right;\">\n",
       "      <th></th>\n",
       "      <th>Date</th>\n",
       "      <th>HomeTeam</th>\n",
       "      <th>AwayTeam</th>\n",
       "      <th>FTHG</th>\n",
       "      <th>FTAG</th>\n",
       "      <th>FTR</th>\n",
       "      <th>HTHG</th>\n",
       "      <th>HTAG</th>\n",
       "      <th>HTR</th>\n",
       "      <th>Referee</th>\n",
       "      <th>...</th>\n",
       "      <th>HST</th>\n",
       "      <th>AST</th>\n",
       "      <th>HF</th>\n",
       "      <th>AF</th>\n",
       "      <th>HC</th>\n",
       "      <th>AC</th>\n",
       "      <th>HY</th>\n",
       "      <th>AY</th>\n",
       "      <th>HR</th>\n",
       "      <th>AR</th>\n",
       "    </tr>\n",
       "  </thead>\n",
       "  <tbody>\n",
       "    <tr>\n",
       "      <th>8</th>\n",
       "      <td>2018-08-12</td>\n",
       "      <td>Liverpool</td>\n",
       "      <td>West Ham</td>\n",
       "      <td>4</td>\n",
       "      <td>0</td>\n",
       "      <td>H</td>\n",
       "      <td>2</td>\n",
       "      <td>0</td>\n",
       "      <td>H</td>\n",
       "      <td>A Taylor</td>\n",
       "      <td>...</td>\n",
       "      <td>8</td>\n",
       "      <td>2</td>\n",
       "      <td>14</td>\n",
       "      <td>9</td>\n",
       "      <td>5</td>\n",
       "      <td>4</td>\n",
       "      <td>1</td>\n",
       "      <td>2</td>\n",
       "      <td>0</td>\n",
       "      <td>0</td>\n",
       "    </tr>\n",
       "    <tr>\n",
       "      <th>19</th>\n",
       "      <td>2018-08-20</td>\n",
       "      <td>Crystal Palace</td>\n",
       "      <td>Liverpool</td>\n",
       "      <td>0</td>\n",
       "      <td>2</td>\n",
       "      <td>A</td>\n",
       "      <td>0</td>\n",
       "      <td>1</td>\n",
       "      <td>A</td>\n",
       "      <td>M Oliver</td>\n",
       "      <td>...</td>\n",
       "      <td>2</td>\n",
       "      <td>6</td>\n",
       "      <td>6</td>\n",
       "      <td>13</td>\n",
       "      <td>6</td>\n",
       "      <td>7</td>\n",
       "      <td>1</td>\n",
       "      <td>1</td>\n",
       "      <td>1</td>\n",
       "      <td>0</td>\n",
       "    </tr>\n",
       "    <tr>\n",
       "      <th>23</th>\n",
       "      <td>2018-08-25</td>\n",
       "      <td>Liverpool</td>\n",
       "      <td>Brighton</td>\n",
       "      <td>1</td>\n",
       "      <td>0</td>\n",
       "      <td>H</td>\n",
       "      <td>1</td>\n",
       "      <td>0</td>\n",
       "      <td>H</td>\n",
       "      <td>C Kavanagh</td>\n",
       "      <td>...</td>\n",
       "      <td>8</td>\n",
       "      <td>2</td>\n",
       "      <td>8</td>\n",
       "      <td>14</td>\n",
       "      <td>8</td>\n",
       "      <td>5</td>\n",
       "      <td>1</td>\n",
       "      <td>1</td>\n",
       "      <td>0</td>\n",
       "      <td>0</td>\n",
       "    </tr>\n",
       "    <tr>\n",
       "      <th>34</th>\n",
       "      <td>2018-09-01</td>\n",
       "      <td>Leicester</td>\n",
       "      <td>Liverpool</td>\n",
       "      <td>1</td>\n",
       "      <td>2</td>\n",
       "      <td>A</td>\n",
       "      <td>0</td>\n",
       "      <td>2</td>\n",
       "      <td>A</td>\n",
       "      <td>P Tierney</td>\n",
       "      <td>...</td>\n",
       "      <td>5</td>\n",
       "      <td>4</td>\n",
       "      <td>9</td>\n",
       "      <td>12</td>\n",
       "      <td>4</td>\n",
       "      <td>4</td>\n",
       "      <td>3</td>\n",
       "      <td>2</td>\n",
       "      <td>0</td>\n",
       "      <td>0</td>\n",
       "    </tr>\n",
       "    <tr>\n",
       "      <th>45</th>\n",
       "      <td>2018-09-15</td>\n",
       "      <td>Tottenham</td>\n",
       "      <td>Liverpool</td>\n",
       "      <td>1</td>\n",
       "      <td>2</td>\n",
       "      <td>A</td>\n",
       "      <td>0</td>\n",
       "      <td>1</td>\n",
       "      <td>A</td>\n",
       "      <td>M Oliver</td>\n",
       "      <td>...</td>\n",
       "      <td>3</td>\n",
       "      <td>10</td>\n",
       "      <td>17</td>\n",
       "      <td>16</td>\n",
       "      <td>5</td>\n",
       "      <td>4</td>\n",
       "      <td>0</td>\n",
       "      <td>0</td>\n",
       "      <td>0</td>\n",
       "      <td>0</td>\n",
       "    </tr>\n",
       "  </tbody>\n",
       "</table>\n",
       "<p>5 rows × 22 columns</p>\n",
       "</div>"
      ],
      "text/plain": [
       "          Date        HomeTeam   AwayTeam  FTHG  FTAG FTR  HTHG  HTAG HTR  \\\n",
       "8   2018-08-12       Liverpool   West Ham     4     0   H     2     0   H   \n",
       "19  2018-08-20  Crystal Palace  Liverpool     0     2   A     0     1   A   \n",
       "23  2018-08-25       Liverpool   Brighton     1     0   H     1     0   H   \n",
       "34  2018-09-01       Leicester  Liverpool     1     2   A     0     2   A   \n",
       "45  2018-09-15       Tottenham  Liverpool     1     2   A     0     1   A   \n",
       "\n",
       "       Referee ...  HST  AST  HF  AF  HC  AC  HY  AY  HR  AR  \n",
       "8     A Taylor ...    8    2  14   9   5   4   1   2   0   0  \n",
       "19    M Oliver ...    2    6   6  13   6   7   1   1   1   0  \n",
       "23  C Kavanagh ...    8    2   8  14   8   5   1   1   0   0  \n",
       "34   P Tierney ...    5    4   9  12   4   4   3   2   0   0  \n",
       "45    M Oliver ...    3   10  17  16   5   4   0   0   0   0  \n",
       "\n",
       "[5 rows x 22 columns]"
      ]
     },
     "execution_count": 13,
     "metadata": {},
     "output_type": "execute_result"
    }
   ],
   "source": [
    "liverpool.head()"
   ]
  },
  {
   "cell_type": "markdown",
   "metadata": {},
   "source": [
    "This new structure is known as a **series**. It has similar functions to a dataframe that can be used to display simple information about the data."
   ]
  },
  {
   "cell_type": "code",
   "execution_count": 14,
   "metadata": {},
   "outputs": [
    {
     "data": {
      "text/plain": [
       "FTHG     1.709677\n",
       "FTAG     1.129032\n",
       "HTHG     0.774194\n",
       "HTAG     0.451613\n",
       "HS      13.580645\n",
       "AS       9.387097\n",
       "HST      4.870968\n",
       "AST      3.774194\n",
       "HF       9.612903\n",
       "AF       9.129032\n",
       "HC       5.225806\n",
       "AC       4.645161\n",
       "HY       0.967742\n",
       "AY       1.322581\n",
       "HR       0.064516\n",
       "AR       0.032258\n",
       "dtype: float64"
      ]
     },
     "execution_count": 14,
     "metadata": {},
     "output_type": "execute_result"
    }
   ],
   "source": [
    "liverpool.mean()"
   ]
  },
  {
   "cell_type": "code",
   "execution_count": 15,
   "metadata": {},
   "outputs": [
    {
     "data": {
      "text/html": [
       "<div>\n",
       "<style scoped>\n",
       "    .dataframe tbody tr th:only-of-type {\n",
       "        vertical-align: middle;\n",
       "    }\n",
       "\n",
       "    .dataframe tbody tr th {\n",
       "        vertical-align: top;\n",
       "    }\n",
       "\n",
       "    .dataframe thead th {\n",
       "        text-align: right;\n",
       "    }\n",
       "</style>\n",
       "<table border=\"1\" class=\"dataframe\">\n",
       "  <thead>\n",
       "    <tr style=\"text-align: right;\">\n",
       "      <th></th>\n",
       "      <th>FTHG</th>\n",
       "      <th>FTAG</th>\n",
       "      <th>HTHG</th>\n",
       "      <th>HTAG</th>\n",
       "      <th>HS</th>\n",
       "      <th>AS</th>\n",
       "      <th>HST</th>\n",
       "      <th>AST</th>\n",
       "      <th>HF</th>\n",
       "      <th>AF</th>\n",
       "      <th>HC</th>\n",
       "      <th>AC</th>\n",
       "      <th>HY</th>\n",
       "      <th>AY</th>\n",
       "      <th>HR</th>\n",
       "      <th>AR</th>\n",
       "    </tr>\n",
       "  </thead>\n",
       "  <tbody>\n",
       "    <tr>\n",
       "      <th>FTHG</th>\n",
       "      <td>1.000000</td>\n",
       "      <td>-0.228276</td>\n",
       "      <td>0.756778</td>\n",
       "      <td>-0.067729</td>\n",
       "      <td>0.646448</td>\n",
       "      <td>-0.527204</td>\n",
       "      <td>0.806381</td>\n",
       "      <td>-0.376091</td>\n",
       "      <td>-0.395208</td>\n",
       "      <td>-0.119543</td>\n",
       "      <td>0.522609</td>\n",
       "      <td>-0.543815</td>\n",
       "      <td>-0.100300</td>\n",
       "      <td>-0.022258</td>\n",
       "      <td>0.046210</td>\n",
       "      <td>-0.189189</td>\n",
       "    </tr>\n",
       "    <tr>\n",
       "      <th>FTAG</th>\n",
       "      <td>-0.228276</td>\n",
       "      <td>1.000000</td>\n",
       "      <td>-0.381631</td>\n",
       "      <td>0.535209</td>\n",
       "      <td>-0.240307</td>\n",
       "      <td>0.451087</td>\n",
       "      <td>-0.239210</td>\n",
       "      <td>0.585831</td>\n",
       "      <td>-0.146735</td>\n",
       "      <td>-0.045305</td>\n",
       "      <td>-0.074119</td>\n",
       "      <td>0.268412</td>\n",
       "      <td>0.032117</td>\n",
       "      <td>-0.496028</td>\n",
       "      <td>0.327417</td>\n",
       "      <td>0.310645</td>\n",
       "    </tr>\n",
       "    <tr>\n",
       "      <th>HTHG</th>\n",
       "      <td>0.756778</td>\n",
       "      <td>-0.381631</td>\n",
       "      <td>1.000000</td>\n",
       "      <td>-0.105447</td>\n",
       "      <td>0.418723</td>\n",
       "      <td>-0.459872</td>\n",
       "      <td>0.566619</td>\n",
       "      <td>-0.409553</td>\n",
       "      <td>-0.240722</td>\n",
       "      <td>0.035016</td>\n",
       "      <td>0.253085</td>\n",
       "      <td>-0.406647</td>\n",
       "      <td>-0.038087</td>\n",
       "      <td>0.208132</td>\n",
       "      <td>-0.201952</td>\n",
       "      <td>-0.140401</td>\n",
       "    </tr>\n",
       "    <tr>\n",
       "      <th>HTAG</th>\n",
       "      <td>-0.067729</td>\n",
       "      <td>0.535209</td>\n",
       "      <td>-0.105447</td>\n",
       "      <td>1.000000</td>\n",
       "      <td>0.069811</td>\n",
       "      <td>0.221485</td>\n",
       "      <td>-0.061407</td>\n",
       "      <td>0.139554</td>\n",
       "      <td>-0.203283</td>\n",
       "      <td>0.180935</td>\n",
       "      <td>-0.045670</td>\n",
       "      <td>0.021829</td>\n",
       "      <td>0.137255</td>\n",
       "      <td>-0.030930</td>\n",
       "      <td>0.257753</td>\n",
       "      <td>-0.147573</td>\n",
       "    </tr>\n",
       "    <tr>\n",
       "      <th>HS</th>\n",
       "      <td>0.646448</td>\n",
       "      <td>-0.240307</td>\n",
       "      <td>0.418723</td>\n",
       "      <td>0.069811</td>\n",
       "      <td>1.000000</td>\n",
       "      <td>-0.446538</td>\n",
       "      <td>0.781188</td>\n",
       "      <td>-0.380925</td>\n",
       "      <td>-0.415896</td>\n",
       "      <td>0.010652</td>\n",
       "      <td>0.752589</td>\n",
       "      <td>-0.491017</td>\n",
       "      <td>-0.112540</td>\n",
       "      <td>-0.024723</td>\n",
       "      <td>-0.003254</td>\n",
       "      <td>-0.240667</td>\n",
       "    </tr>\n",
       "    <tr>\n",
       "      <th>AS</th>\n",
       "      <td>-0.527204</td>\n",
       "      <td>0.451087</td>\n",
       "      <td>-0.459872</td>\n",
       "      <td>0.221485</td>\n",
       "      <td>-0.446538</td>\n",
       "      <td>1.000000</td>\n",
       "      <td>-0.358298</td>\n",
       "      <td>0.796774</td>\n",
       "      <td>0.214063</td>\n",
       "      <td>-0.041246</td>\n",
       "      <td>-0.391596</td>\n",
       "      <td>0.674160</td>\n",
       "      <td>-0.012422</td>\n",
       "      <td>-0.295720</td>\n",
       "      <td>0.201280</td>\n",
       "      <td>0.027552</td>\n",
       "    </tr>\n",
       "    <tr>\n",
       "      <th>HST</th>\n",
       "      <td>0.806381</td>\n",
       "      <td>-0.239210</td>\n",
       "      <td>0.566619</td>\n",
       "      <td>-0.061407</td>\n",
       "      <td>0.781188</td>\n",
       "      <td>-0.358298</td>\n",
       "      <td>1.000000</td>\n",
       "      <td>-0.281980</td>\n",
       "      <td>-0.374161</td>\n",
       "      <td>-0.001455</td>\n",
       "      <td>0.640548</td>\n",
       "      <td>-0.354333</td>\n",
       "      <td>-0.126358</td>\n",
       "      <td>0.047842</td>\n",
       "      <td>0.055016</td>\n",
       "      <td>-0.235376</td>\n",
       "    </tr>\n",
       "    <tr>\n",
       "      <th>AST</th>\n",
       "      <td>-0.376091</td>\n",
       "      <td>0.585831</td>\n",
       "      <td>-0.409553</td>\n",
       "      <td>0.139554</td>\n",
       "      <td>-0.380925</td>\n",
       "      <td>0.796774</td>\n",
       "      <td>-0.281980</td>\n",
       "      <td>1.000000</td>\n",
       "      <td>0.178110</td>\n",
       "      <td>-0.039317</td>\n",
       "      <td>-0.293746</td>\n",
       "      <td>0.437643</td>\n",
       "      <td>0.009501</td>\n",
       "      <td>-0.469490</td>\n",
       "      <td>0.074777</td>\n",
       "      <td>0.231051</td>\n",
       "    </tr>\n",
       "    <tr>\n",
       "      <th>HF</th>\n",
       "      <td>-0.395208</td>\n",
       "      <td>-0.146735</td>\n",
       "      <td>-0.240722</td>\n",
       "      <td>-0.203283</td>\n",
       "      <td>-0.415896</td>\n",
       "      <td>0.214063</td>\n",
       "      <td>-0.374161</td>\n",
       "      <td>0.178110</td>\n",
       "      <td>1.000000</td>\n",
       "      <td>0.160768</td>\n",
       "      <td>-0.316928</td>\n",
       "      <td>0.110132</td>\n",
       "      <td>0.205549</td>\n",
       "      <td>0.171746</td>\n",
       "      <td>-0.288470</td>\n",
       "      <td>0.132507</td>\n",
       "    </tr>\n",
       "    <tr>\n",
       "      <th>AF</th>\n",
       "      <td>-0.119543</td>\n",
       "      <td>-0.045305</td>\n",
       "      <td>0.035016</td>\n",
       "      <td>0.180935</td>\n",
       "      <td>0.010652</td>\n",
       "      <td>-0.041246</td>\n",
       "      <td>-0.001455</td>\n",
       "      <td>-0.039317</td>\n",
       "      <td>0.160768</td>\n",
       "      <td>1.000000</td>\n",
       "      <td>0.145761</td>\n",
       "      <td>-0.062032</td>\n",
       "      <td>-0.042659</td>\n",
       "      <td>0.231633</td>\n",
       "      <td>0.100800</td>\n",
       "      <td>0.197868</td>\n",
       "    </tr>\n",
       "    <tr>\n",
       "      <th>HC</th>\n",
       "      <td>0.522609</td>\n",
       "      <td>-0.074119</td>\n",
       "      <td>0.253085</td>\n",
       "      <td>-0.045670</td>\n",
       "      <td>0.752589</td>\n",
       "      <td>-0.391596</td>\n",
       "      <td>0.640548</td>\n",
       "      <td>-0.293746</td>\n",
       "      <td>-0.316928</td>\n",
       "      <td>0.145761</td>\n",
       "      <td>1.000000</td>\n",
       "      <td>-0.560509</td>\n",
       "      <td>-0.134799</td>\n",
       "      <td>-0.076690</td>\n",
       "      <td>0.170529</td>\n",
       "      <td>-0.015089</td>\n",
       "    </tr>\n",
       "    <tr>\n",
       "      <th>AC</th>\n",
       "      <td>-0.543815</td>\n",
       "      <td>0.268412</td>\n",
       "      <td>-0.406647</td>\n",
       "      <td>0.021829</td>\n",
       "      <td>-0.491017</td>\n",
       "      <td>0.674160</td>\n",
       "      <td>-0.354333</td>\n",
       "      <td>0.437643</td>\n",
       "      <td>0.110132</td>\n",
       "      <td>-0.062032</td>\n",
       "      <td>-0.560509</td>\n",
       "      <td>1.000000</td>\n",
       "      <td>-0.089883</td>\n",
       "      <td>-0.202125</td>\n",
       "      <td>0.036406</td>\n",
       "      <td>0.025310</td>\n",
       "    </tr>\n",
       "    <tr>\n",
       "      <th>HY</th>\n",
       "      <td>-0.100300</td>\n",
       "      <td>0.032117</td>\n",
       "      <td>-0.038087</td>\n",
       "      <td>0.137255</td>\n",
       "      <td>-0.112540</td>\n",
       "      <td>-0.012422</td>\n",
       "      <td>-0.126358</td>\n",
       "      <td>0.009501</td>\n",
       "      <td>0.205549</td>\n",
       "      <td>-0.042659</td>\n",
       "      <td>-0.134799</td>\n",
       "      <td>-0.089883</td>\n",
       "      <td>1.000000</td>\n",
       "      <td>0.270216</td>\n",
       "      <td>-0.119113</td>\n",
       "      <td>-0.171331</td>\n",
       "    </tr>\n",
       "    <tr>\n",
       "      <th>AY</th>\n",
       "      <td>-0.022258</td>\n",
       "      <td>-0.496028</td>\n",
       "      <td>0.208132</td>\n",
       "      <td>-0.030930</td>\n",
       "      <td>-0.024723</td>\n",
       "      <td>-0.295720</td>\n",
       "      <td>0.047842</td>\n",
       "      <td>-0.469490</td>\n",
       "      <td>0.171746</td>\n",
       "      <td>0.231633</td>\n",
       "      <td>-0.076690</td>\n",
       "      <td>-0.202125</td>\n",
       "      <td>0.270216</td>\n",
       "      <td>1.000000</td>\n",
       "      <td>-0.087929</td>\n",
       "      <td>-0.250634</td>\n",
       "    </tr>\n",
       "    <tr>\n",
       "      <th>HR</th>\n",
       "      <td>0.046210</td>\n",
       "      <td>0.327417</td>\n",
       "      <td>-0.201952</td>\n",
       "      <td>0.257753</td>\n",
       "      <td>-0.003254</td>\n",
       "      <td>0.201280</td>\n",
       "      <td>0.055016</td>\n",
       "      <td>0.074777</td>\n",
       "      <td>-0.288470</td>\n",
       "      <td>0.100800</td>\n",
       "      <td>0.170529</td>\n",
       "      <td>0.036406</td>\n",
       "      <td>-0.119113</td>\n",
       "      <td>-0.087929</td>\n",
       "      <td>1.000000</td>\n",
       "      <td>-0.047946</td>\n",
       "    </tr>\n",
       "    <tr>\n",
       "      <th>AR</th>\n",
       "      <td>-0.189189</td>\n",
       "      <td>0.310645</td>\n",
       "      <td>-0.140401</td>\n",
       "      <td>-0.147573</td>\n",
       "      <td>-0.240667</td>\n",
       "      <td>0.027552</td>\n",
       "      <td>-0.235376</td>\n",
       "      <td>0.231051</td>\n",
       "      <td>0.132507</td>\n",
       "      <td>0.197868</td>\n",
       "      <td>-0.015089</td>\n",
       "      <td>0.025310</td>\n",
       "      <td>-0.171331</td>\n",
       "      <td>-0.250634</td>\n",
       "      <td>-0.047946</td>\n",
       "      <td>1.000000</td>\n",
       "    </tr>\n",
       "  </tbody>\n",
       "</table>\n",
       "</div>"
      ],
      "text/plain": [
       "          FTHG      FTAG      HTHG      HTAG        HS        AS       HST  \\\n",
       "FTHG  1.000000 -0.228276  0.756778 -0.067729  0.646448 -0.527204  0.806381   \n",
       "FTAG -0.228276  1.000000 -0.381631  0.535209 -0.240307  0.451087 -0.239210   \n",
       "HTHG  0.756778 -0.381631  1.000000 -0.105447  0.418723 -0.459872  0.566619   \n",
       "HTAG -0.067729  0.535209 -0.105447  1.000000  0.069811  0.221485 -0.061407   \n",
       "HS    0.646448 -0.240307  0.418723  0.069811  1.000000 -0.446538  0.781188   \n",
       "AS   -0.527204  0.451087 -0.459872  0.221485 -0.446538  1.000000 -0.358298   \n",
       "HST   0.806381 -0.239210  0.566619 -0.061407  0.781188 -0.358298  1.000000   \n",
       "AST  -0.376091  0.585831 -0.409553  0.139554 -0.380925  0.796774 -0.281980   \n",
       "HF   -0.395208 -0.146735 -0.240722 -0.203283 -0.415896  0.214063 -0.374161   \n",
       "AF   -0.119543 -0.045305  0.035016  0.180935  0.010652 -0.041246 -0.001455   \n",
       "HC    0.522609 -0.074119  0.253085 -0.045670  0.752589 -0.391596  0.640548   \n",
       "AC   -0.543815  0.268412 -0.406647  0.021829 -0.491017  0.674160 -0.354333   \n",
       "HY   -0.100300  0.032117 -0.038087  0.137255 -0.112540 -0.012422 -0.126358   \n",
       "AY   -0.022258 -0.496028  0.208132 -0.030930 -0.024723 -0.295720  0.047842   \n",
       "HR    0.046210  0.327417 -0.201952  0.257753 -0.003254  0.201280  0.055016   \n",
       "AR   -0.189189  0.310645 -0.140401 -0.147573 -0.240667  0.027552 -0.235376   \n",
       "\n",
       "           AST        HF        AF        HC        AC        HY        AY  \\\n",
       "FTHG -0.376091 -0.395208 -0.119543  0.522609 -0.543815 -0.100300 -0.022258   \n",
       "FTAG  0.585831 -0.146735 -0.045305 -0.074119  0.268412  0.032117 -0.496028   \n",
       "HTHG -0.409553 -0.240722  0.035016  0.253085 -0.406647 -0.038087  0.208132   \n",
       "HTAG  0.139554 -0.203283  0.180935 -0.045670  0.021829  0.137255 -0.030930   \n",
       "HS   -0.380925 -0.415896  0.010652  0.752589 -0.491017 -0.112540 -0.024723   \n",
       "AS    0.796774  0.214063 -0.041246 -0.391596  0.674160 -0.012422 -0.295720   \n",
       "HST  -0.281980 -0.374161 -0.001455  0.640548 -0.354333 -0.126358  0.047842   \n",
       "AST   1.000000  0.178110 -0.039317 -0.293746  0.437643  0.009501 -0.469490   \n",
       "HF    0.178110  1.000000  0.160768 -0.316928  0.110132  0.205549  0.171746   \n",
       "AF   -0.039317  0.160768  1.000000  0.145761 -0.062032 -0.042659  0.231633   \n",
       "HC   -0.293746 -0.316928  0.145761  1.000000 -0.560509 -0.134799 -0.076690   \n",
       "AC    0.437643  0.110132 -0.062032 -0.560509  1.000000 -0.089883 -0.202125   \n",
       "HY    0.009501  0.205549 -0.042659 -0.134799 -0.089883  1.000000  0.270216   \n",
       "AY   -0.469490  0.171746  0.231633 -0.076690 -0.202125  0.270216  1.000000   \n",
       "HR    0.074777 -0.288470  0.100800  0.170529  0.036406 -0.119113 -0.087929   \n",
       "AR    0.231051  0.132507  0.197868 -0.015089  0.025310 -0.171331 -0.250634   \n",
       "\n",
       "            HR        AR  \n",
       "FTHG  0.046210 -0.189189  \n",
       "FTAG  0.327417  0.310645  \n",
       "HTHG -0.201952 -0.140401  \n",
       "HTAG  0.257753 -0.147573  \n",
       "HS   -0.003254 -0.240667  \n",
       "AS    0.201280  0.027552  \n",
       "HST   0.055016 -0.235376  \n",
       "AST   0.074777  0.231051  \n",
       "HF   -0.288470  0.132507  \n",
       "AF    0.100800  0.197868  \n",
       "HC    0.170529 -0.015089  \n",
       "AC    0.036406  0.025310  \n",
       "HY   -0.119113 -0.171331  \n",
       "AY   -0.087929 -0.250634  \n",
       "HR    1.000000 -0.047946  \n",
       "AR   -0.047946  1.000000  "
      ]
     },
     "execution_count": 15,
     "metadata": {},
     "output_type": "execute_result"
    }
   ],
   "source": [
    "liverpool.corr()"
   ]
  },
  {
   "cell_type": "markdown",
   "metadata": {},
   "source": [
    "To specifically access one feature in a Series, we can create new series which add an attribute if a conditional is met. These statements are in the form:  **newSeries = oldSeries['FeatureToAdd'][conditional]**"
   ]
  },
  {
   "cell_type": "code",
   "execution_count": 16,
   "metadata": {},
   "outputs": [],
   "source": [
    "goalsScoredHome = liverpool['FTHG'][liverpool['HomeTeam'] == 'Liverpool']\n",
    "goalsScoredAway = liverpool['FTAG'][liverpool['AwayTeam'] == 'Liverpool']\n",
    "totalScores = goalsScoredHome.append(goalsScoredAway)"
   ]
  },
  {
   "cell_type": "code",
   "execution_count": 21,
   "metadata": {},
   "outputs": [
    {
     "data": {
      "text/plain": [
       "8     4\n",
       "23    1\n",
       "56    3\n",
       "78    0\n",
       "93    4\n",
       "dtype: int64"
      ]
     },
     "execution_count": 21,
     "metadata": {},
     "output_type": "execute_result"
    }
   ],
   "source": [
    "totalScores.head()"
   ]
  },
  {
   "cell_type": "markdown",
   "metadata": {},
   "source": [
    "One problem with series is that the indexes are often not in order as they have been taken from a separate data frame. As we can see, the series indeces range from 8 to 303 and are neither in order nor consecutive. To combat this, we can use the *set_index* function"
   ]
  },
  {
   "cell_type": "code",
   "execution_count": 18,
   "metadata": {},
   "outputs": [],
   "source": [
    "matchList = []\n",
    "for i in range(0,len(totalScores)):\n",
    "    matchList.append(i)\n",
    "\n",
    "\n",
    "liverpool = liverpool.set_index([matchList])"
   ]
  },
  {
   "cell_type": "code",
   "execution_count": 20,
   "metadata": {},
   "outputs": [
    {
     "data": {
      "text/html": [
       "<div>\n",
       "<style scoped>\n",
       "    .dataframe tbody tr th:only-of-type {\n",
       "        vertical-align: middle;\n",
       "    }\n",
       "\n",
       "    .dataframe tbody tr th {\n",
       "        vertical-align: top;\n",
       "    }\n",
       "\n",
       "    .dataframe thead th {\n",
       "        text-align: right;\n",
       "    }\n",
       "</style>\n",
       "<table border=\"1\" class=\"dataframe\">\n",
       "  <thead>\n",
       "    <tr style=\"text-align: right;\">\n",
       "      <th></th>\n",
       "      <th>Date</th>\n",
       "      <th>HomeTeam</th>\n",
       "      <th>AwayTeam</th>\n",
       "      <th>FTHG</th>\n",
       "      <th>FTAG</th>\n",
       "      <th>FTR</th>\n",
       "      <th>HTHG</th>\n",
       "      <th>HTAG</th>\n",
       "      <th>HTR</th>\n",
       "      <th>Referee</th>\n",
       "      <th>...</th>\n",
       "      <th>HST</th>\n",
       "      <th>AST</th>\n",
       "      <th>HF</th>\n",
       "      <th>AF</th>\n",
       "      <th>HC</th>\n",
       "      <th>AC</th>\n",
       "      <th>HY</th>\n",
       "      <th>AY</th>\n",
       "      <th>HR</th>\n",
       "      <th>AR</th>\n",
       "    </tr>\n",
       "  </thead>\n",
       "  <tbody>\n",
       "    <tr>\n",
       "      <th>0</th>\n",
       "      <td>2018-08-12</td>\n",
       "      <td>Liverpool</td>\n",
       "      <td>West Ham</td>\n",
       "      <td>4</td>\n",
       "      <td>0</td>\n",
       "      <td>H</td>\n",
       "      <td>2</td>\n",
       "      <td>0</td>\n",
       "      <td>H</td>\n",
       "      <td>A Taylor</td>\n",
       "      <td>...</td>\n",
       "      <td>8</td>\n",
       "      <td>2</td>\n",
       "      <td>14</td>\n",
       "      <td>9</td>\n",
       "      <td>5</td>\n",
       "      <td>4</td>\n",
       "      <td>1</td>\n",
       "      <td>2</td>\n",
       "      <td>0</td>\n",
       "      <td>0</td>\n",
       "    </tr>\n",
       "    <tr>\n",
       "      <th>1</th>\n",
       "      <td>2018-08-20</td>\n",
       "      <td>Crystal Palace</td>\n",
       "      <td>Liverpool</td>\n",
       "      <td>0</td>\n",
       "      <td>2</td>\n",
       "      <td>A</td>\n",
       "      <td>0</td>\n",
       "      <td>1</td>\n",
       "      <td>A</td>\n",
       "      <td>M Oliver</td>\n",
       "      <td>...</td>\n",
       "      <td>2</td>\n",
       "      <td>6</td>\n",
       "      <td>6</td>\n",
       "      <td>13</td>\n",
       "      <td>6</td>\n",
       "      <td>7</td>\n",
       "      <td>1</td>\n",
       "      <td>1</td>\n",
       "      <td>1</td>\n",
       "      <td>0</td>\n",
       "    </tr>\n",
       "    <tr>\n",
       "      <th>2</th>\n",
       "      <td>2018-08-25</td>\n",
       "      <td>Liverpool</td>\n",
       "      <td>Brighton</td>\n",
       "      <td>1</td>\n",
       "      <td>0</td>\n",
       "      <td>H</td>\n",
       "      <td>1</td>\n",
       "      <td>0</td>\n",
       "      <td>H</td>\n",
       "      <td>C Kavanagh</td>\n",
       "      <td>...</td>\n",
       "      <td>8</td>\n",
       "      <td>2</td>\n",
       "      <td>8</td>\n",
       "      <td>14</td>\n",
       "      <td>8</td>\n",
       "      <td>5</td>\n",
       "      <td>1</td>\n",
       "      <td>1</td>\n",
       "      <td>0</td>\n",
       "      <td>0</td>\n",
       "    </tr>\n",
       "    <tr>\n",
       "      <th>3</th>\n",
       "      <td>2018-09-01</td>\n",
       "      <td>Leicester</td>\n",
       "      <td>Liverpool</td>\n",
       "      <td>1</td>\n",
       "      <td>2</td>\n",
       "      <td>A</td>\n",
       "      <td>0</td>\n",
       "      <td>2</td>\n",
       "      <td>A</td>\n",
       "      <td>P Tierney</td>\n",
       "      <td>...</td>\n",
       "      <td>5</td>\n",
       "      <td>4</td>\n",
       "      <td>9</td>\n",
       "      <td>12</td>\n",
       "      <td>4</td>\n",
       "      <td>4</td>\n",
       "      <td>3</td>\n",
       "      <td>2</td>\n",
       "      <td>0</td>\n",
       "      <td>0</td>\n",
       "    </tr>\n",
       "    <tr>\n",
       "      <th>4</th>\n",
       "      <td>2018-09-15</td>\n",
       "      <td>Tottenham</td>\n",
       "      <td>Liverpool</td>\n",
       "      <td>1</td>\n",
       "      <td>2</td>\n",
       "      <td>A</td>\n",
       "      <td>0</td>\n",
       "      <td>1</td>\n",
       "      <td>A</td>\n",
       "      <td>M Oliver</td>\n",
       "      <td>...</td>\n",
       "      <td>3</td>\n",
       "      <td>10</td>\n",
       "      <td>17</td>\n",
       "      <td>16</td>\n",
       "      <td>5</td>\n",
       "      <td>4</td>\n",
       "      <td>0</td>\n",
       "      <td>0</td>\n",
       "      <td>0</td>\n",
       "      <td>0</td>\n",
       "    </tr>\n",
       "  </tbody>\n",
       "</table>\n",
       "<p>5 rows × 22 columns</p>\n",
       "</div>"
      ],
      "text/plain": [
       "         Date        HomeTeam   AwayTeam  FTHG  FTAG FTR  HTHG  HTAG HTR  \\\n",
       "0  2018-08-12       Liverpool   West Ham     4     0   H     2     0   H   \n",
       "1  2018-08-20  Crystal Palace  Liverpool     0     2   A     0     1   A   \n",
       "2  2018-08-25       Liverpool   Brighton     1     0   H     1     0   H   \n",
       "3  2018-09-01       Leicester  Liverpool     1     2   A     0     2   A   \n",
       "4  2018-09-15       Tottenham  Liverpool     1     2   A     0     1   A   \n",
       "\n",
       "      Referee ...  HST  AST  HF  AF  HC  AC  HY  AY  HR  AR  \n",
       "0    A Taylor ...    8    2  14   9   5   4   1   2   0   0  \n",
       "1    M Oliver ...    2    6   6  13   6   7   1   1   1   0  \n",
       "2  C Kavanagh ...    8    2   8  14   8   5   1   1   0   0  \n",
       "3   P Tierney ...    5    4   9  12   4   4   3   2   0   0  \n",
       "4    M Oliver ...    3   10  17  16   5   4   0   0   0   0  \n",
       "\n",
       "[5 rows x 22 columns]"
      ]
     },
     "execution_count": 20,
     "metadata": {},
     "output_type": "execute_result"
    }
   ],
   "source": [
    "liverpool.head()"
   ]
  },
  {
   "cell_type": "markdown",
   "metadata": {},
   "source": [
    "This gives us a complete Series with all Liverpool matches within the past season. In order to plot the goals scores we have to use the *plt.plot()* function. "
   ]
  },
  {
   "cell_type": "code",
   "execution_count": 22,
   "metadata": {},
   "outputs": [
    {
     "data": {
      "text/plain": [
       "[<matplotlib.lines.Line2D at 0x1846bcc0>]"
      ]
     },
     "execution_count": 22,
     "metadata": {},
     "output_type": "execute_result"
    },
    {
     "data": {
